learningRate: 0.05
architecture: 3,5,3
activation: 0
weights: 
 -3.94141  0.624483   25.6841  -46.4778   38.6948  -41.4073
  13.3765   58.4293  -619.204 -0.419202   41.4327  -649.488
  23.8337  -59.7262  -4.33696   48.5467  -38.8647   -101.64
-0.994072  0.550534  -281.172 -0.176047  0.932968  -290.505,
  0.166329    2.17345  -0.338254
   -3.6096  -0.354017 -0.0626638
   -2.9775   -5.62737  -0.501924
  -2.76074   -2.43676   -1.99123
   1.58334   -5.49434 -0.0361642
  -2.41347 -0.0982973    1.72233

