learningRate: 0.05
architecture: 3,5,3
activation: 0
weights: 
  -1.34013   0.811848   0.314629    1.85447  -0.343212   0.151176
   0.98971  -0.684254    1.20649   0.260128   -6.50245   -2.31706
  0.702027   -3.15824   -0.80735    1.07841   -2.57619   -2.17761
   0.13025    3.17894   0.594173   -3.18092 -0.0574412   -2.39394,
 -2.67379  0.467493  0.403606
 -1.22918   1.67581   1.60877
   1.1605  -1.95284  0.942444
 -1.92978 -0.704029  -1.12284
 -1.34765   -2.8206   1.44205
-0.996246  -1.52939  0.205469

